4.409505130864220632e+02
4.414808232980180378e+02
4.420111335096139555e+02
4.425414437212099301e+02
4.430717539328059047e+02
4.436020641444018224e+02
4.441323743559977970e+02
4.446626845675937716e+02
4.451929947791896893e+02
4.457233049907856639e+02
4.462536152023816385e+02
4.467839254139775562e+02
4.473142356255735308e+02
4.478445458371694485e+02
4.483748560487654231e+02
4.489051662603613977e+02
4.494354764719573154e+02
4.499657866835532900e+02
4.504960968951492646e+02
4.510264071067451823e+02
4.515567173183411569e+02
4.520870275299371315e+02
4.526173377415330492e+02
4.531476479531290238e+02
4.536779581647249984e+02
4.542082683763209161e+02
4.547385785879168907e+02
4.552688887995128653e+02
4.557991990111087830e+02
4.563295092227047576e+02
4.568598194343007322e+02
4.573901296458966499e+02
4.579204398574926245e+02
4.584507500690885990e+02
4.589810602806845168e+02
4.595113704922804914e+02
4.600416807038764659e+02
4.605719909154723837e+02
4.611023011270683583e+02
4.616326113386643328e+02
4.621629215502602506e+02
4.626932317618562251e+02
4.632235419734521429e+02
4.637538521850481175e+02
4.642841623966440920e+02
4.648144726082400098e+02
4.653447828198359844e+02
4.658750930314319589e+02
4.664054032430278767e+02
4.669357134546238512e+02
4.674660236662198258e+02
4.679963338778157436e+02
4.685266440894117181e+02
4.690569543010076927e+02
4.695872645126036105e+02
4.701175747241995850e+02
4.706478849357955596e+02
4.711781951473914773e+02
4.717085053589874519e+02
4.722388155705834265e+02
4.727691257821793442e+02
4.732994359937753188e+02
4.738297462053712934e+02
4.743600564169672111e+02
4.748903666285631857e+02
4.754206768401591034e+02
4.759509870517550780e+02
4.764812972633510526e+02
4.770116074749470272e+02
4.775419176865429449e+02
4.780722278981389195e+02
4.786025381097348372e+02
4.791328483213308118e+02
4.796631585329267864e+02
4.801934687445227041e+02
4.807237789561186787e+02
4.812540891677146533e+02
4.817843993793105710e+02
4.823147095909065456e+02
4.828450198025025202e+02
4.833753300140984379e+02
4.839056402256944125e+02
4.844359504372903871e+02
4.849662606488863048e+02
4.854965708604822794e+02
4.860268810720782540e+02
4.865571912836741717e+02
4.870875014952701463e+02
4.876178117068661209e+02
4.881481219184620386e+02
4.886784321300580132e+02
4.892087423416539878e+02
4.897390525532499055e+02
4.902693627648458801e+02
4.907996729764417978e+02
4.913299831880377724e+02
4.918602933996337470e+02
4.923906036112297215e+02
4.929209138228256393e+02
4.934512240344216139e+02
4.939815342460175316e+02
4.945118444576135062e+02
4.950421546692094807e+02
4.955724648808053985e+02
4.961027750924013731e+02
4.966330853039973476e+02
4.971633955155932654e+02
4.976937057271892400e+02
4.982240159387852145e+02
4.987543261503811323e+02
4.992846363619771068e+02
4.998149465735730814e+02
5.003452567851689992e+02
5.008755669967649737e+02
5.014058772083609483e+02
5.019361874199568661e+02
5.024664976315528406e+02
5.029968078431487584e+02
5.035271180547447329e+02
5.040574282663407075e+02
5.045877384779366821e+02
5.051180486895325998e+02
5.056483589011285744e+02
5.061786691127244922e+02
5.067089793243204667e+02
5.072392895359164413e+02
5.077695997475124159e+02
5.082999099591083336e+02
5.088302201707043082e+02
5.093605303823002259e+02
5.098908405938962005e+02
5.104211508054921751e+02
5.109514610170880928e+02
5.114817712286840674e+02
5.120120814402799851e+02
5.125423916518759597e+02
5.130727018634719343e+02
5.136030120750679089e+02
5.141333222866638835e+02
5.146636324982598580e+02
5.151939427098557189e+02
5.157242529214516935e+02
5.162545631330476681e+02
5.167848733446436427e+02
5.173151835562396172e+02
5.178454937678354781e+02
5.183758039794314527e+02
5.189061141910274273e+02
5.194364244026234019e+02
5.199667346142193765e+02
5.204970448258153510e+02
5.210273550374112119e+02
5.215576652490071865e+02
5.220879754606031611e+02
5.226182856721991357e+02
5.231485958837951102e+02
5.236789060953910848e+02
5.242092163069869457e+02
5.247395265185829203e+02
5.252698367301788949e+02
5.258001469417748694e+02
5.263304571533708440e+02
5.268607673649667049e+02
5.273910775765626795e+02
5.279213877881586541e+02
5.284516979997546287e+02
5.289820082113506032e+02
5.295123184229465778e+02
5.300426286345425524e+02
5.305729388461384133e+02
5.311032490577343879e+02
5.316335592693303624e+02
5.321638694809263370e+02
5.326941796925223116e+02
5.332244899041181725e+02
5.337548001157141471e+02
5.342851103273101216e+02
5.348154205389060962e+02
5.353457307505020708e+02
5.358760409620979317e+02
5.364063511736939063e+02
5.369366613852898809e+02
5.374669715968858554e+02
5.379972818084818300e+02
5.385275920200778046e+02
5.390579022316737792e+02
5.395882124432696401e+02
5.401185226548656146e+02
5.406488328664615892e+02
5.411791430780575638e+02
5.417094532896535384e+02
5.422397635012493993e+02
5.427700737128453738e+02
5.433003839244413484e+02
5.438306941360373230e+02
5.443610043476332976e+02
5.448913145592292722e+02
5.454216247708252467e+02
5.459519349824211076e+02
5.464822451940170822e+02
5.470125554056130568e+02
5.475428656172090314e+02
5.480731758288050059e+02
5.486034860404008668e+02
5.491337962519968414e+02
5.496641064635928160e+02
5.501944166751887906e+02
5.507247268867847652e+02
5.512550370983806260e+02
5.517853473099766006e+02
5.523156575215725752e+02
5.528459677331685498e+02
5.533762779447645244e+02
5.539065881563604989e+02
5.544368983679564735e+02
5.549672085795523344e+02
5.554975187911483090e+02
5.560278290027442836e+02
5.565581392143402581e+02
5.570884494259362327e+02
5.576187596375320936e+02
5.581490698491280682e+02
5.586793800607240428e+02
5.592096902723200174e+02
5.597400004839159919e+02
5.602703106955119665e+02
5.608006209071078274e+02
5.613309311187038020e+02
5.618612413302997766e+02
5.623915515418957511e+02
5.629218617534917257e+02
5.634521719650877003e+02
5.639824821766835612e+02
5.645127923882795358e+02
5.650431025998755104e+02
5.655734128114714849e+02
5.661037230230674595e+02
5.666340332346633204e+02
5.671643434462592950e+02
5.676946536578552696e+02
5.682249638694512441e+02
5.687552740810472187e+02
5.692855842926431933e+02
5.698158945042391679e+02
5.703462047158350288e+02
5.708765149274310033e+02
5.714068251390269779e+02
5.719371353506229525e+02
5.724674455622189271e+02
5.729977557738147880e+02
5.735280659854107626e+02
5.740583761970067371e+02
5.745886864086027117e+02
5.751189966201986863e+02
5.756493068317945472e+02
5.761796170433906354e+02
5.767099272549864963e+02
5.772402374665824709e+02
5.777705476781784455e+02
5.783008578897744201e+02
5.788311681013703947e+02
5.793614783129662555e+02
5.798917885245622301e+02
5.804220987361582047e+02
5.809524089477541793e+02
5.814827191593501539e+02
5.820130293709460148e+02
5.825433395825419893e+02
5.830736497941379639e+02
5.836039600057339385e+02
5.841342702173299131e+02
5.846645804289258876e+02
5.851948906405218622e+02
5.857252008521177231e+02
5.862555110637136977e+02
5.867858212753096723e+02
5.873161314869056469e+02
5.878464416985016214e+02
5.883767519100974823e+02
5.889070621216934569e+02
5.894373723332894315e+02
5.899676825448854061e+02
5.904979927564813806e+02
5.910283029680772415e+02
5.915586131796733298e+02
5.920889233912691907e+02
5.926192336028651653e+02
5.931495438144611398e+02
5.936798540260571144e+02
5.942101642376530890e+02
5.947404744492489499e+02
5.952707846608449245e+02
5.958010948724408991e+02
5.963314050840368736e+02
5.968617152956328482e+02
5.973920255072287091e+02
5.979223357188246837e+02
5.984526459304206583e+02
5.989829561420166328e+02
5.995132663536126074e+02
6.000435765652085820e+02
6.005738867768045566e+02
6.011041969884004175e+02
6.016345071999963920e+02
6.021648174115923666e+02
6.026951276231883412e+02
6.032254378347843158e+02
6.037557480463801767e+02
6.042860582579761513e+02
6.048163684695721258e+02
6.053466786811681004e+02
6.058769888927640750e+02
6.064072991043599359e+02
6.069376093159560241e+02
6.074679195275518850e+02
6.079982297391478596e+02
6.085285399507438342e+02
6.090588501623398088e+02
6.095891603739357834e+02
6.101194705855316442e+02
6.106497807971276188e+02
6.111800910087235934e+02
6.117104012203195680e+02
6.122407114319155426e+02
6.127710216435114035e+02
6.133013318551073780e+02
6.138316420667033526e+02
6.143619522782993272e+02
6.148922624898953018e+02
6.154225727014912763e+02
6.159528829130872509e+02
6.164831931246831118e+02
6.170135033362790864e+02
6.175438135478750610e+02
6.180741237594710356e+02
6.186044339710670101e+02
6.191347441826628710e+02
6.196650543942588456e+02
6.201953646058548202e+02
6.207256748174507948e+02
6.212559850290467693e+02
6.217862952406426302e+02
6.223166054522387185e+02
6.228469156638345794e+02
6.233772258754305540e+02
6.239075360870265285e+02
6.244378462986225031e+02
6.249681565102184777e+02
6.254984667218143386e+02
6.260287769334103132e+02
6.265590871450062878e+02
6.270893973566022623e+02
6.276197075681982369e+02
6.281500177797940978e+02
6.286803279913900724e+02
6.292106382029860470e+02
6.297409484145820215e+02
6.302712586261779961e+02
6.308015688377738570e+02
6.313318790493699453e+02
6.318621892609658062e+02
6.323924994725617807e+02
6.329228096841577553e+02
6.334531198957537299e+02
6.339834301073497045e+02
6.345137403189455654e+02
6.350440505305415400e+02
6.355743607421375145e+02
6.361046709537334891e+02
6.366349811653294637e+02
6.371652913769253246e+02
6.376956015885212992e+02
6.382259118001172737e+02
6.387562220117132483e+02
6.392865322233092229e+02
6.398168424349051975e+02
6.403471526465011721e+02
6.408774628580970329e+02
6.414077730696930075e+02
6.419380832812889821e+02
6.424683934928849567e+02
6.429987037044809313e+02
6.435290139160767922e+02
6.440593241276727667e+02
6.445896343392687413e+02
6.451199445508647159e+02
6.456502547624606905e+02
6.461805649740565514e+02
6.467108751856526396e+02
6.472411853972485005e+02
6.477714956088444751e+02
6.483018058204404497e+02
6.488321160320364243e+02
6.493624262436323988e+02
6.498927364552282597e+02
6.504230466668242343e+02
6.509533568784202089e+02
6.514836670900161835e+02
6.520139773016121580e+02
6.525442875132080189e+02
6.530745977248039935e+02
6.536049079363999681e+02
6.541352181479959427e+02
6.546655283595919173e+02
6.551958385711878918e+02
6.557261487827838664e+02
6.562564589943797273e+02
6.567867692059757019e+02
6.573170794175716765e+02
6.578473896291676510e+02
6.583776998407636256e+02
6.589080100523594865e+02
6.594383202639554611e+02
6.599686304755514357e+02
6.604989406871474102e+02
6.610292508987433848e+02
6.615595611103392457e+02
6.620898713219353340e+02
6.626201815335311949e+02
6.631504917451271695e+02
6.636808019567231440e+02
6.642111121683191186e+02
6.647414223799150932e+02
6.652717325915109541e+02
6.658020428031069287e+02
6.663323530147029032e+02
6.668626632262988778e+02
6.673929734378948524e+02
6.679232836494907133e+02
6.684535938610866879e+02
6.689839040726826624e+02
6.695142142842786370e+02
6.700445244958746116e+02
6.705748347074705862e+02
6.711051449190665608e+02
6.716354551306624217e+02
6.721657653422583962e+02
6.726960755538543708e+02
6.732263857654503454e+02
6.737566959770463200e+02
6.742870061886421809e+02
6.748173164002381554e+02
6.753476266118341300e+02
6.758779368234301046e+02
6.764082470350260792e+02
6.769385572466219401e+02
6.774688674582180283e+02
6.779991776698138892e+02
6.785294878814098638e+02
6.790597980930058384e+02
6.795901083046018130e+02
6.801204185161977875e+02
6.806507287277936484e+02
6.811810389393896230e+02
6.817113491509855976e+02
6.822416593625815722e+02
6.827719695741775467e+02
6.833022797857734076e+02
6.838325899973693822e+02
6.843629002089653568e+02
6.848932104205613314e+02
6.854235206321573060e+02
6.859538308437532805e+02
6.864841410553492551e+02
6.870144512669451160e+02
6.875447614785410906e+02
6.880750716901370652e+02
6.886053819017330397e+02
6.891356921133290143e+02
6.896660023249248752e+02
6.901963125365208498e+02
6.907266227481168244e+02
6.912569329597127989e+02
6.917872431713087735e+02
6.923175533829046344e+02
6.928478635945007227e+02
6.933781738060965836e+02
6.939084840176925582e+02
6.944387942292885327e+02
6.949691044408845073e+02
6.954994146524804819e+02
6.960297248640763428e+02
6.965600350756723174e+02
6.970903452872682919e+02
6.976206554988642665e+02
6.981509657104602411e+02
6.986812759220561020e+02
6.992115861336521903e+02
6.997418963452480511e+02
7.002722065568440257e+02
7.008025167684400003e+02
7.013328269800358612e+02
7.018631371916319495e+02
7.023934474032278104e+02
7.029237576148237849e+02
7.034540678264197595e+02
7.039843780380157341e+02
7.045146882496117087e+02
7.050449984612075696e+02
7.055753086728035441e+02
7.061056188843995187e+02
7.066359290959954933e+02
7.071662393075914679e+02
7.076965495191873288e+02
7.082268597307834170e+02
7.087571699423792779e+02
7.092874801539752525e+02
7.098177903655712271e+02
7.103481005771670880e+02
7.108784107887631762e+02
7.114087210003590371e+02
7.119390312119550117e+02
7.124693414235509863e+02
7.129996516351469609e+02
7.135299618467429354e+02
7.140602720583387963e+02
7.145905822699348846e+02
7.151208924815307455e+02
7.156512026931267201e+02
7.161815129047226947e+02
7.167118231163185555e+02
7.172421333279146438e+02
7.177724435395105047e+02
7.183027537511064793e+02
7.188330639627024539e+02
7.193633741742984284e+02
7.198936843858944030e+02
7.204239945974902639e+02
7.209543048090862385e+02
7.214846150206822131e+02
7.220149252322781877e+02
7.225452354438741622e+02
7.230755456554700231e+02
7.236058558670661114e+02
7.241361660786619723e+02
7.246664762902579469e+02
7.251967865018539214e+02
7.257270967134497823e+02
7.262574069250458706e+02
7.267877171366417315e+02
7.273180273482377061e+02
7.278483375598336806e+02
7.283786477714296552e+02
7.289089579830256298e+02
7.294392681946214907e+02
7.299695784062175790e+02
7.304998886178134399e+02
7.310301988294094144e+02
7.315605090410053890e+02
7.320908192526012499e+02
7.326211294641973382e+02
7.331514396757931991e+02
7.336817498873891736e+02
7.342120600989851482e+02
7.347423703105810091e+02
7.352726805221770974e+02
7.358029907337729583e+02
7.363333009453689328e+02
7.368636111569649074e+02
7.373939213685608820e+02
7.379242315801568566e+02
7.384545417917527175e+02
7.389848520033488057e+02
7.395151622149446666e+02
7.400454724265406412e+02
7.405757826381366158e+02
7.411060928497324767e+02
7.416364030613285649e+02
7.421667132729244258e+02
7.426970234845204004e+02
7.432273336961163750e+02
7.437576439077123496e+02
7.442879541193083242e+02
7.448182643309041850e+02
7.453485745425002733e+02
7.458788847540961342e+02
7.464091949656921088e+02
7.469395051772880834e+02
7.474698153888839443e+02
7.480001256004800325e+02
7.485304358120758934e+02
7.490607460236718680e+02
7.495910562352678426e+02
7.501213664468637035e+02
7.506516766584597917e+02
7.511819868700556526e+02
7.517122970816516272e+02
7.522426072932476018e+02
7.527729175048435764e+02
7.533032277164395509e+02
7.538335379280354118e+02
7.543638481396315001e+02
7.548941583512273610e+02
7.554244685628233356e+02
7.559547787744193101e+02
7.564850889860151710e+02
7.570153991976112593e+02
7.575457094092071202e+02
7.580760196208030948e+02
7.586063298323990693e+02
7.591366400439950439e+02
7.596669502555910185e+02
7.601972604671868794e+02
7.607275706787829677e+02
7.612578808903788286e+02
7.617881911019748031e+02
7.623185013135707777e+02
7.628488115251666386e+02
7.633791217367627269e+02
7.639094319483585878e+02
7.644397421599545623e+02
7.649700523715505369e+02
7.655003625831463978e+02
7.660306727947424861e+02
7.665609830063383470e+02
7.670912932179343215e+02
7.676216034295302961e+02
7.681519136411262707e+02
7.686822238527222453e+02
7.692125340643181062e+02
7.697428442759141944e+02
7.702731544875100553e+02
7.708034646991060299e+02
7.713337749107020045e+02
7.718640851222978654e+02
7.723943953338939536e+02
7.729247055454898145e+02
7.734550157570857891e+02
7.739853259686817637e+02
7.745156361802777383e+02
7.750459463918737129e+02
7.755762566034695737e+02
7.761065668150656620e+02
7.766368770266615229e+02
7.771671872382574975e+02
7.776974974498534721e+02
7.782278076614493330e+02
7.787581178730454212e+02
7.792884280846412821e+02
7.798187382962372567e+02
7.803490485078332313e+02
7.808793587194290922e+02
7.814096689310251804e+02
7.819399791426210413e+02
7.824702893542170159e+02
7.830005995658129905e+02
7.835309097774089651e+02
7.840612199890049396e+02
7.845915302006008005e+02
7.851218404121968888e+02
7.856521506237927497e+02
7.861824608353887243e+02
7.867127710469846988e+02
7.872430812585805597e+02
7.877733914701766480e+02
7.883037016817725089e+02
7.888340118933684835e+02
7.893643221049644580e+02
7.898946323165604326e+02
7.904249425281564072e+02
7.909552527397522681e+02
7.914855629513482427e+02
7.920158731629442173e+02
7.925461833745401918e+02
7.930764935861361664e+02
7.936068037977320273e+02
7.941371140093281156e+02
7.946674242209239765e+02
7.951977344325199510e+02
7.957280446441159256e+02
7.962583548557117865e+02
7.967886650673078748e+02
7.973189752789037357e+02
7.978492854904997102e+02
7.983795957020956848e+02
7.989099059136916594e+02
7.994402161252876340e+02
7.999705263368834949e+02
8.005008365484795831e+02
8.010311467600754440e+02
8.015614569716714186e+02
8.020917671832673932e+02
8.026220773948632541e+02
8.031523876064593424e+02
8.036826978180552032e+02
8.042130080296511778e+02
8.047433182412471524e+02
8.052736284528431270e+02
8.058039386644391016e+02
8.063342488760349624e+02
8.068645590876309370e+02
8.073948692992269116e+02
8.079251795108228862e+02
8.084554897224188608e+02
8.089857999340147217e+02
8.095161101456108099e+02
8.100464203572066708e+02
8.105767305688026454e+02
8.111070407803986200e+02
8.116373509919944809e+02
8.121676612035905691e+02
8.126979714151864300e+02
8.132282816267824046e+02
8.137585918383783792e+02
8.142889020499743538e+02
8.148192122615703283e+02
8.153495224731661892e+02
8.158798326847622775e+02
8.164101428963581384e+02
8.169404531079541130e+02
8.174707633195500875e+02
8.180010735311459484e+02
8.185313837427420367e+02
8.190616939543378976e+02
8.195920041659338722e+02
8.201223143775298468e+02
8.206526245891257076e+02
8.211829348007217959e+02
8.217132450123176568e+02
8.222435552239136314e+02
8.227738654355096060e+02
8.233041756471055805e+02
8.238344858587015551e+02
8.243647960702974160e+02
8.248951062818935043e+02
8.254254164934893652e+02
8.259557267050853397e+02
8.264860369166813143e+02
8.270163471282771752e+02
8.275466573398732635e+02
8.280769675514691244e+02
8.286072777630650990e+02
8.291375879746610735e+02
8.296678981862570481e+02
8.301982083978530227e+02
8.307285186094488836e+02
8.312588288210449718e+02
8.317891390326408327e+02
8.323194492442368073e+02
8.328497594558327819e+02
8.333800696674286428e+02
8.339103798790247311e+02
8.344406900906205919e+02
8.349710003022165665e+02
8.355013105138125411e+02
8.360316207254084020e+02
8.365619309370044903e+02
8.370922411486003512e+02
8.376225513601963257e+02
8.381528615717923003e+02
8.386831717833882749e+02
8.392134819949842495e+02
8.397437922065801104e+02
8.402741024181761986e+02
8.408044126297720595e+02
8.413347228413680341e+02
8.418650330529640087e+02
8.423953432645598696e+02
8.429256534761559578e+02
8.434559636877518187e+02
8.439862738993477933e+02
8.445165841109437679e+02
8.450468943225397425e+02
8.455772045341357170e+02
8.461075147457315779e+02
8.466378249573276662e+02
8.471681351689235271e+02
8.476984453805195017e+02
8.482287555921154762e+02
8.487590658037113371e+02
8.492893760153074254e+02
8.498196862269032863e+02
8.503499964384992609e+02
8.508803066500952355e+02
8.514106168616910963e+02
8.519409270732871846e+02
8.524712372848830455e+02
8.530015474964790201e+02
8.535318577080749947e+02
8.540621679196709692e+02
8.545924781312669438e+02
8.551227883428628047e+02
8.556530985544588930e+02
8.561834087660547539e+02
8.567137189776507284e+02
8.572440291892467030e+02
8.577743394008425639e+02
8.583046496124386522e+02
8.588349598240345131e+02
8.593652700356304877e+02
8.598955802472264622e+02
8.604258904588224368e+02
8.609562006704184114e+02
8.614865108820142723e+02
8.620168210936103605e+02
8.625471313052062214e+02
8.630774415168021960e+02
8.636077517283981706e+02
8.641380619399940315e+02
8.646683721515901198e+02
8.651986823631859806e+02
8.657289925747819552e+02
8.662593027863779298e+02
8.667896129979737907e+02
8.673199232095698790e+02
8.678502334211657399e+02
8.683805436327617144e+02
8.689108538443576890e+02
8.694411640559536636e+02
8.699714742675496382e+02
8.705017844791454991e+02
8.710320946907415873e+02
8.715624049023374482e+02
8.720927151139334228e+02
8.726230253255293974e+02
8.731533355371252583e+02
8.736836457487213465e+02
8.742139559603172074e+02
8.747442661719131820e+02
8.752745763835091566e+02
8.758048865951051312e+02
8.763351968067011057e+02
8.768655070182969666e+02
8.773958172298929412e+02
8.779261274414889158e+02
8.784564376530848904e+02
8.789867478646808650e+02
8.795170580762767258e+02
8.800473682878728141e+02
8.805776784994686750e+02
8.811079887110646496e+02
8.816382989226606242e+02
8.821686091342564850e+02
8.826989193458525733e+02
8.832292295574484342e+02
8.837595397690444088e+02
8.842898499806403834e+02
8.848201601922363579e+02
8.853504704038323325e+02
8.858807806154281934e+02
8.864110908270242817e+02
8.869414010386201426e+02
8.874717112502161172e+02
8.880020214618120917e+02
8.885323316734079526e+02
8.890626418850040409e+02
8.895929520965999018e+02
8.901232623081958764e+02
8.906535725197918509e+02
8.911838827313877118e+02
8.917141929429838001e+02
8.922445031545796610e+02
8.927748133661756356e+02
8.933051235777716101e+02
8.938354337893675847e+02
8.943657440009635593e+02
8.948960542125594202e+02
8.954263644241555085e+02
8.959566746357513694e+02
8.964869848473473439e+02
8.970172950589433185e+02
8.975476052705391794e+02
8.980779154821352677e+02
8.986082256937311286e+02
8.991385359053271031e+02
8.996688461169230777e+02
9.001991563285190523e+02
9.007294665401150269e+02
9.012597767517108878e+02
9.017900869633069760e+02
9.023203971749028369e+02
9.028507073864988115e+02
9.033810175980947861e+02
9.039113278096906470e+02
9.044416380212867352e+02
9.049719482328825961e+02
9.055022584444785707e+02
9.060325686560745453e+02
9.065628788676704062e+02
9.070931890792664944e+02
9.076234992908623553e+02
9.081538095024583299e+02
9.086841197140543045e+02
9.092144299256502791e+02
9.097447401372462537e+02
9.102750503488421145e+02
9.108053605604382028e+02
9.113356707720340637e+02
9.118659809836300383e+02
9.123962911952260129e+02
9.129266014068218738e+02
9.134569116184179620e+02
9.139872218300138229e+02
9.145175320416097975e+02
9.150478422532057721e+02
9.155781524648017466e+02
9.161084626763977212e+02
9.166387728879935821e+02
9.171690830995896704e+02
9.176993933111855313e+02
9.182297035227815059e+02
9.187600137343774804e+02
9.192903239459733413e+02
9.198206341575694296e+02
9.203509443691652905e+02
9.208812545807612651e+02
9.214115647923572396e+02
9.219418750039531005e+02
9.224721852155491888e+02
9.230024954271450497e+02
9.235328056387410243e+02
9.240631158503369988e+02
9.245934260619329734e+02
9.251237362735289480e+02
9.256540464851248089e+02
9.261843566967208972e+02
9.267146669083167581e+02
9.272449771199127326e+02
9.277752873315087072e+02
9.283055975431045681e+02
9.288359077547006564e+02
9.293662179662965173e+02
9.298965281778924918e+02
9.304268383894884664e+02
9.309571486010844410e+02
9.314874588126804156e+02
9.320177690242762765e+02
9.325480792358723647e+02
9.330783894474682256e+02
9.336086996590642002e+02
9.341390098706601748e+02
9.346693200822560357e+02
9.351996302938521239e+02
9.357299405054479848e+02
9.362602507170439594e+02
9.367905609286399340e+02
9.373208711402357949e+02
9.378511813518318831e+02
9.383814915634277440e+02
9.389118017750237186e+02
9.394421119866196932e+02
9.399724221982156678e+02
9.405027324098116424e+02
9.410330426214075032e+02
9.415633528330035915e+02
9.420936630445994524e+02
9.426239732561954270e+02
9.431542834677914016e+02
9.436845936793872625e+02
9.442149038909833507e+02
9.447452141025792116e+02
9.452755243141751862e+02
9.458058345257711608e+02
9.463361447373671353e+02
9.468664549489631099e+02
9.473967651605589708e+02
9.479270753721550591e+02
9.484573855837509200e+02
9.489876957953468946e+02
9.495180060069428691e+02
9.500483162185387300e+02
9.505786264301348183e+02
9.511089366417306792e+02
9.516392468533266538e+02
9.521695570649226283e+02
9.526998672765184892e+02
9.532301774881145775e+02
9.537604876997104384e+02
9.542907979113065267e+02
9.548211081229023875e+02
9.553514183344982484e+02
9.558817285460943367e+02
9.564120387576901976e+02
9.569423489692862859e+02
9.574726591808821468e+02
9.580029693924780076e+02
9.585332796040740959e+02
9.590635898156699568e+02
9.595939000272660451e+02
9.601242102388619060e+02
9.606545204504579942e+02
9.611848306620538551e+02
9.617151408736497160e+02
9.622454510852458043e+02
9.627757612968416652e+02
9.633060715084377534e+02
9.638363817200336143e+02
9.643666919316294752e+02
9.648970021432255635e+02
9.654273123548214244e+02
9.659576225664175126e+02
9.664879327780133735e+02
9.670182429896094618e+02
9.675485532012053227e+02
9.680788634128011836e+02
9.686091736243972719e+02
9.691394838359931327e+02
9.696697940475892210e+02
9.702001042591850819e+02
9.707304144707809428e+02
9.712607246823770311e+02
9.717910348939728920e+02
9.723213451055689802e+02
9.728516553171648411e+02
9.733819655287607020e+02
9.739122757403567903e+02
9.744425859519526512e+02
9.749728961635487394e+02
9.755032063751446003e+02
9.760335165867406886e+02
9.765638267983365495e+02
9.770941370099324104e+02
9.776244472215284986e+02
9.781547574331243595e+02
9.786850676447204478e+02
9.792153778563163087e+02
9.797456880679121696e+02
9.802759982795082578e+02
9.808063084911041187e+02
9.813366187027002070e+02
9.818669289142960679e+02
9.823972391258921562e+02
9.829275493374880170e+02
9.834578595490838779e+02
